-47
15
-7
-72
-45
-67
-3
-11
33
34
95
68
-22
-42
32
-29
-63
-42
37
-12
41
43
16
88
3
-83
38
57
-13
-62
92
-23
90
-92
40
-52
38
-79
-42
77
72
38
-93
57
99
-98
23
-36
-46
39
-84
-6
-61
63
42
99
95
60
-76
-60
57
-96
-9
-100
-93
-32
-12
-94
-11
46
60
57
35
53
-96
9
-63
19
94
-59
-30
83
-41
-78
37
10
-83
72
-13
-40
30
62
-84
14
-61
99
-65
-43
84
13
-77
-79
15
-19
-93
86
26
71
38
33
11
-58
-23
78
-52
-24
50
71
24
1
24
-48
-71
52
12
60
74
66
19
88
42
83
-34
-83
80
6
-8
-15
78
-39
-39
14
-93
-69
85
73
-69
-35
-75
-18
-87
-6
67
-10
64
-56
18
-1
-84
-4
-83
18
39
-94
71
-71
85
-29
100
37
-67
15
85
-10
85
-58
-88
-74
25
86
13
18
-93
31
93
-96
-56
-55
20
-90
-40
-18
-83
44
-67
83
3
7
49
18
-23
-20
-59
-63
7
-92
17
-88
1
-27
13
-73
98
4
95
2
-1
-60
-52
80
-77
23
58
4
25
-86
45
1
-56
-51
-67
-29
80
-4
-84
50
-62
78
-53
71
19
-30
-47
82
-34
97
-71
86
2
5
-77
-42
57
-79
27
-63
-40
6
-35
38
-94
86
86
-40
-22
-93
-67
54
-85
-59
77
-60
-60
-74
-27
-84
37
12
37
-53
32
39
-21
-26
-44
-85
71
-40
-45
-44
-58
-21
-90
99
13
4
-28
-24
-55
44
-9
95
-16
-65
64
-98
61
12
-60
-7
17
-40
-48
33
-88
-68
-12
73
-53
-77
-22
42
-87
-16
-8
13
-2
10
74
-85
-28
-76
40
72
23
-30
14
-12
76
-71
-70
42
30
-22
-69
18
-31
14
-61
0
-14
-5
-99
-24
70
16
21
-3
84
-13
15
80
100
-29
-53
-55
-98
55
-78
-75
-49
29
77
94
6
-47
61
71
70
9
-4
46
89
19
-77
-77
80
37
73
-46
93
39
44
65
88
66
32
-53
-96
74
50
95
86
73
71
38
56
-67
-53
-90
11
89
-6
98
-81
-53
-45
90
70
-2
43
-52
8
-51
-64
-90
-45
90
10
31
89
28
-39
-70
-52
-4
15
96
35
63
-77
99
49
31
-42
7
-77
18
34
-81
44
38
55
-27
-22
13
-27
-91
4
-98
39
-87
70
7
-46
97
68
-48
39
38
-6
-28
39
48
-90
-4
-51
-58
98
-44
-89
-90
79
99
40
-30
-63
15
-37
-17
-7
-31
73
52
46
-20
45
-90
59
68
88
-24
-65
-12
52
4
-3
-60
43
41
23
-5
53
-1
-92
-87
-46
32
-28
20
36
-91
-40
-55
-94
34
-30
25
-44
-71
-9
71
-76
-26
38
-60
57
69
-24
20
-73
-41
38
55
61
-32
-60
3
-30
-18
-63
-1
36
-98
-7
79
-63
7
-31
-89
-60
-37
8
89
-65
32
45
-71
51
-32
-25
-21
-76
-85
62
-59
30
37
55
89
85
-8
73
17
-80
23
70
8
-7
53
-59
96
-29
50
-86
30
-89
91
66
-22
-39
100
0
-43
-44
67
-37
-27
-4
76
-8
82
-100
-11
-34
33
-25
-25
26
-19
-96
-2
-44
-70
-77
81
1
15
90
49
-11
-18
23
73
-71
89
-23
-86
4
-58
-96
-6
-27
97
56
22
-9
91
2
-90
-28
17
-60
18
38
72
12
-11
13
-60
96
-69
61
-56
7
-30
95
98
-43
-100
-2
-45
17
-47
77
23
-10
-94
84
-63
-80
12
76
-59
-25
30
-2
58
-41
-41
-41
-93
-10
-86
-94
-52
-22
-97
-86
-89
85
15
-70
-13
-80
-49
57
-39
-20
-16
-58
7
-35
-79
-13
-23
-95
90
6
-77
6
7
-59
6
52
-79
-90
-25
-51
21
56
38
-40
-20
-44
-71
-86
25
-65
3
-99
-49
41
32
94
-88
19
-66
44
-2
-3
-2
-86
-3
100
-80
-21
21
34
-86
25
-69
78
-15
10
87
6
-47
16
68
0
20
69
46
26
39
-11
-85
-52
19
-71
-89
88
-93
-36
37
69
-74
80
12
-1
-70
42
81
-8
64
80
-60
-30
-65
-23
10
3
97
-2
40
-94
-56
34
95
30
21
-88
-94
-49
-39
-44
83
-66
-99
87
50
99
91
-43
-47
85
-39
33
-94
-95
33
46
21
-16
98
39
60
63
-42
-48
56
-21
-54
-30
32
35
-23
5
-68
59
-91
-41
34
5
-45
46
81
-95
-34
-49
95
51
-92
3
-74
29
89
-59
-23
35
-8
-31
57
-14
-27
86
63
-51
61
-48
20
78
8
56
-3
-59
-30
94
41
76
-29
-73
-45
-2
-91
-61
-22
-98
-78
94
2
-51
42
35
-7
-91
82
70
-90
87
3
-45
31
82
56
-27
-69
-85
94
15
56
94
45
91
80
-76
80
79
95
44
53
97
82
90
4
28
11
71
53
-44
54
-4
-98
82
95
43
94
-80
-50
91
-48
37
-16
-88
58
-29
4
-41
-34
-45
13
-51
-73
-44
-74
-98
66
-74
92
64
43
-15
98
1
-54
-78
-23
-2
-31
-80
-63
16
92
-99
-64
-38
83
-73
12
11
-9
9
-67
-12
-25
-86
-33
19
100
